$ANSIBLE_VAULT;1.1;AES256
30316461333663373465656263613766333636636631366164363063616363353031306235343639
3165663963306630363533303732613636636531326634620a613138376431323734666536626665
37633966626635356130643664623837616237363331666331656435616465616364323631343235
6238613930666366610a616335376632313436393033363138313461646334613462303737313138
66343130636139616362306337373936396633356234336235336363386438393836643736366438
66343331383138396466653764663163663666323764303162363339653261393265303438643230
36653736356632623239383964316431363439363939343038316164356435613635363632393938
65303039616232663830633035306564663566353834333237383266383734383465366637616537
61386563633030633139336664653264363436356336393064393934373862363235656464383164
65343031383338323131333961623232336165393833616535333633356364326433306632383964
32306263613430393363653364636636363461313865393766653031613933653534626530666262
34363436363330383430323532313732636132313261663364376137353663616238643133316663
37643538343539356430303031376335633137646465383838626338653233386437
