$ANSIBLE_VAULT;1.1;AES256
64346430343861333836306637646163646134373836363830376133353164366433623839323761
3866376539366230373230353661356564666634353363320a326330666465373764363130626430
36313334343333366533306238306332373631323462646237653261373133353661646333373630
3963396162386637330a366534363136343865323134626638396531653930613166363434346463
31616163373739373163656536333638306564386234313935646465386263633039633261333864
39633535383735636361393238363930643336613738323335623463613566333632663332633035
30346365343732353232636637393237303330633034343063336135383638313937396265343465
61383734333234663739316530366164636464393534623234623932646463336466393036666639
37333232323062353736613061633563323132343261363766343434306334643737323361313638
63313130653864376434346362386461323337363765613964626564323937636261653266623862
39353366643639323131666439363734386639616235663061373762383034343337323736396337
31623334376362626266
