$ANSIBLE_VAULT;1.1;AES256
38663731303637303639613230643030363334643839633731373365373733633862326530623464
6361313733363866633232373132306261623837643832610a613837616561323935626638386361
64306664393136643861343266663062353837363732396563663831656166396430376564316463
6337633863636561340a663233613138323635313261346264366263316365656632636330656665
38393534393634636164396662643939653930343966666632633161656530366436653962383261
32366433343863336166363862363431626163623939313937313730343266636633623830323265
35393730373163363166383832623661393162656630396137323663316664306639323633366663
66623963643166653831633035373466343366343232386263623239636466313830336433643235
36653864633264396461653362646232333862373732356334643735663863303233313939643866
33383034653435336465383330623366323839653939313066653266333435633031646336346431
32613232313230643238353032393964643364383331663264613864383866646565376531346232
35643334303965303864623266316462363964313533366537363931363139393632353932613938
37303738326162373530343734323238346432353233336163323264333262363264343339393932
3462373434323930313235633630633239623365653834323430
