$ANSIBLE_VAULT;1.1;AES256
63646636336265343533313462666433333263643535616436626561373035386261326232383431
3934653439353033373733323864633431626234326131620a303063646263313230386634353133
61643338656363663835343937623236633463396432663230613761623865646630636465643464
3266303736646561380a623537636364356461343532656138303565363366396131343930313463
36346135333162336431326262656439313036393335623764653737663363323535613732626365
65303131326163366564323266366263363034336339613265313763646562376335383533643339
63386466636364643831393063363437396531326264323562613339393930646339613933356561
35333439643438623363383464666535356338653539356132336438306364653033653337343162
65303963613037356531346433623234383132393932653631613463623265343939373032333366
37633362653935656266653036396537376261333235666565336335343738666533663861616132
38386135636162623231373033656131313431633031393737396363663165353336636465383463
62396164643439343736373261646366316437386334336632663730363032373233396461313563
32636530646531336532343466303238646233333334333739633530313666323166366439376231
38623831663062373436663738663838323333653066336561633564343736623532383932633338
356564393430333335666430656333373730
